Classification Report - Digit Recognition Model
============================================================

              precision    recall  f1-score   support

           0     0.9858    0.9918    0.9888       980
           1     0.9886    0.9912    0.9899      1135
           2     0.9863    0.9797    0.9830      1032
           3     0.9851    0.9832    0.9841      1010
           4     0.9857    0.9827    0.9842       982
           5     0.9832    0.9854    0.9843       892
           6     0.9803    0.9885    0.9844       958
           7     0.9853    0.9805    0.9829      1028
           8     0.9813    0.9682    0.9747       974
           9     0.9696    0.9802    0.9749      1009

    accuracy                         0.9832     10000
   macro avg     0.9831    0.9831    0.9831     10000
weighted avg     0.9832    0.9832    0.9832     10000
